Map from character to field name
A:	Africa
B:	Asia
C:	Europe
D:	Oceania
E:	north_america
F:	ns
G:	south_america
H:	?


Substitution rate (mu): 78.33966

Equilibrium frequencies (pi_i):
  A: 0.1457
  B: 0.0999
  C: 0.1603
  D: 0.1611
  E: 0.1541
  F: 0.1462
  G: 0.1326

Symmetrized rates from j->i (W_ij):
	A	B	C	D	E	F	G
  A	0	2.5091	0.9756	0.3286	0.6303	0.3297	0.9621
  B	2.5091	0	3.893	1.881	4.4318	0.3157	2.3343
  C	0.9756	3.893	0	0.4913	1.5645	0.3288	1.914
  D	0.3286	1.881	0.4913	0	0.3162	0.3323	0.4829
  E	0.6303	4.4318	1.5645	0.3162	0	0.4776	2.6387
  F	0.3297	0.3157	0.3288	0.3323	0.4776	0	0.3236
  G	0.9621	2.3343	1.914	0.4829	2.6387	0.3236	0

Actual rates from j->i (Q_ij):
	A	B	C	D	E	F	G
  A	0	0.3655	0.1421	0.0479	0.0918	0.048	0.1401
  B	0.2508	0	0.389	0.188	0.4429	0.0315	0.2333
  C	0.1564	0.6241	0	0.0788	0.2508	0.0527	0.3068
  D	0.0529	0.3031	0.0792	0	0.0509	0.0535	0.0778
  E	0.0972	0.6831	0.2412	0.0487	0	0.0736	0.4067
  F	0.0482	0.0461	0.0481	0.0486	0.0698	0	0.0473
  G	0.1276	0.3096	0.2539	0.0641	0.35	0.0429	0
